185,1
185,0
184,5
184,4
184,2
181,7
181,6
181,5
181,4
181,2
178,6
178,5
178,4
178,2
177,5
177,4
177,2
175,2
168,4
168,3
168,2
168,1
168,0
167,2
165,3
165,2
165,1
165,0
4,2
3,6
3,5
3,4
3,3
3,2
3,1
3,0
2,2
1,2
175,7
175,6
175,5
0,408
0,402
0,394
0,380
0,377
0,374
190,4
175,4
204,1
204,3
0,370
204,0
192,1
192,3
192,0
193,1
193,3
193,0
189,1
189,3
189,0
178,1
178,3
178,0
181,1
181,3
0,365
181,0
177,1
177,3
177,0
196,1
196,3
196,0
194,1
194,3
194,0
184,1
184,3
0,363
184,0
175,1
0,362
175,3
0,359
0,355
175,0
0,354
190,1
0,351
190,3
0,322
0,319
190,0
2,1
2,4
1,1
1,3
1,0
4,1
4,3
4,0
2,5
2,3
0,313
2,0
167,1
167,3
0,309
167,0
0,243
0,9
0,310
0,305
0,308
0,304
0,303
0,302
0,307
0,12
0,10
0,8
0,0
0,415
0,300
0,414
0,299
0,413
0,298
0,435
0,297
0,410
0,296
0,411
0,295
0,447
0,294
0,434
0,293
0,409
0,292
0,433
0,291
0,432
0,290
0,406
0,289
0,405
0,288
0,446
0,287
0,404
0,286
0,403
0,285
0,284
0,401
0,283
0,439
0,282
0,399
0,281
0,431
0,280
0,398
0,279
0,397
0,278
0,396
0,277
0,407
0,276
185,2
185,3
185,5
186,0
186,2
186,3
187,0
187,2
187,3
188,0
188,1
188,3
189,2
189,4
189,6
189,7
192,2
192,4
193,2
193,5
194,2
194,5
194,6
194,8
195,1
195,2
196,2
196,4
196,6
197,0
197,2
197,4
198,0
198,2
198,3
198,5
199,1
199,2
199,4
200,0
200,2
200,3
201,1
201,3
202,0
202,2
202,3
203,1
203,3
204,2
204,5
204,4
203,2
203,0
202,1
201,2
201,0
200,1
199,3
199,0
198,4
198,1
197,3
197,1
196,5
195,3
195,0
194,7
194,4
193,4
192,5
190,2
189,5
188,4
188,2
187,4
187,1
186,4
186,1
185,4
0,275
0,393
0,274
0,438
0,273
0,445
0,272
0,391
0,271
0,400
0,270
0,389
0,269
0,388
0,268
0,387
0,267
0,436
0,266
0,386
0,265
0,424
0,264
0,384
0,263
0,428
0,262
0,383
0,261
0,429
0,260
0,427
0,259
0,382
0,258
0,426
0,257
0,381
0,256
0,425
0,255
0,379
0,254
0,378
0,253
0,444
0,252
0,395
0,251
0,376
0,250
0,375
0,249
0,385
0,248
0,373
0,247
0,372
0,246
0,245
0,371
0,244
0,390
0,242
0,369
0,241
0,423
0,240
0,368
0,239
0,422
0,238
0,421
0,237
0,420
0,236
0,367
0,235
0,366
0,234
0,233
0,419
0,232
0,364
0,231
0,418
0,230
0,437
0,229
0,443
0,228
0,326
0,227
0,417
0,226
0,440
0,225
0,361
0,224
0,360
0,223
0,430
0,222
0,358
0,221
0,357
0,220
0,356
0,219
0,346
0,218
0,392
0,217
0,353
0,216
0,352
0,215
0,214
0,350
0,213
0,349
0,212
0,348
0,211
0,347
0,210
0,442
0,209
0,345
0,208
0,344
0,207
0,343
0,206
0,342
0,205
0,341
0,204
0,340
0,203
0,339
0,202
0,338
0,201
0,337
0,200
0,336
0,199
0,335
0,198
0,334
0,197
0,333
0,196
0,332
0,195
0,331
0,194
0,330
0,193
0,329
0,192
0,416
0,63
0,327
0,62
0,328
0,61
0,412
0,60
0,324
0,59
0,323
0,58
0,321
0,57
0,320
0,56
0,441
0,55
0,318
0,54
0,317
0,53
0,316
0,52
0,315
0,51
0,314
0,50
0,325
0,49
0,312
0,48
0,311
0,47
0,46
0,306
0,45
0,301
0,6
0,5
0,1
0,11
0,4
0,2
0,3
0,7
